1556155615561556155615561556155615561556155615561556155615561556155615561556155615561556155615561556155615561556155615561556155615561556155615561556155615561556155615561556155669606944155669726972697269726972697269726952694469681556155616331633163316336984697269726972697269726972697269726972697269726972697269726972697269566972697269726972697269726972697269726972697269726972697269726972695669821633
1556155615561556155615561556155615561556155615561556155615561556155615561556155615561556155615561556155615561556155615561556155615561556155615561556155615561556155615561556155669606944696873307330733073307330733073306960694469681556155616331633163316337331733073307330733073307330733073307330733073307330733073307330733069767330733073307330733073307330733073307330733073307330733073307330697616331633
1556155615561556155615561556155615561556155615561556155615561556155615561556155615561556155615561556155615561556155615561556155615561556155615561556155615561556155615561556155669606944696873367336733673367336733673366960694469681556155616331633163316337337733673367336733673367336733673367336733673367336733673367336733669767336733673367336733673367336733673367336733673367336733673367336697616331633
1556155615561556155615561556155615561556155615561556155615561556155615561556155615561556155615561556155615561556155615561556155615561556155615561556155615561556155615561556155669846972698269666965697769776977696669656984697269821556155616331633163316331633163316331633163316331633163316331633163316331633163316331633163369761556155615561556155615561556155615561556155615561556155615561556697616331633
1556155615561556155615561556155615561556155615561556155615561556155615561556155615561556155615561556155615561556155615561556155615561556155615561556155615561556155615561556155673317330733069846982733073307330698469827330733073341556155616331633163316331633163316331633163316331633163316331633163316331633163316331633163369761556155615561556155615561556155615561556155615561556155615561556697616331633
1556155615561556155615561556155615561556155615561556155615561556155615561556155615561556155615561556155615561556155615561556155615561556155615561556155615561556155615561556155673297328732873317334732873287328733173347328732873321556155616331633163316331633163316411641164116411641164116411641164116411641164116411641164369761556155615561556155615561556155615561556155615561556155615561556697616331633
1556155615561556155615561556155615561556155615561556155615561556155615561556155615561556155615561556155615561556155615561556155615561556155615561556155615561556155615561556155673297328732873297332732873287328732973327328732873321556155616481649164916491649164916491649164916491649164916491649164916491649164916491649163269761556155615561556155615561556155615561556155615561556155615561556697616331633
1556155615561556155615561556155615561556155615561556155615561556155615561556155615561556155615561556155615561556155615561556155615561556155615561556155615561556155615561556155673377336733673297332733673367336732973327336733673401556155616561657165716571657165716571657165716571657165716571657165716571657165716571657163269761556155615561556155615561556155615561556155615561556155615561556697616331633
1556155615561556155615561556155615561556155615561556155615561556155615561556155615561556155615561556155615561556155615561556155615561556155615561556155615561556155615561556163316331556163373377340289828842900733773401633155616331633155615561556155615561556155615561556155615561556155615561556155615561556155615561556163216331633697769776977697716331633155615561556155615561556155615561556697616331633
1556155615561556155615561556155615561556155615561556155615561556155615561556155615561556155615561556155615561556155615561556155615561556155615561556155615561556155615561556155615561556163328982884286528642866288429001633155615561556155615561556155615561556155615561556155615561556155615561556155615561556155615561556163216331633733173307330733416331633155615561556155615561556155615561556697616331633
1556155615561556155615561556155615561556155615561556155615561556155615561556155615561556155615561556155615561556155615561556155615561556155615561556155615561556155615561556155615561556155628802864286428642864286428881556155615561556155615561556155615561556155615561556155615561556155615561556155615561556155615561556163216331633733773367336734016331633155615561556155615561556155615561556163316331633
1556155615561556155615561556155615561556155615561556155615561556155615561556155615561556155615561556155615561556155615561556155615561556155615561556155615561556155615561556155615561556155628802864286428642864286428881556155615561556155615561556155615561556155615561556155615561556155615561556155615561556155615561556163216331633163316331633163316331633163316331633163316331633163316331633163316331633
1556155615561556155615561556155615561556155615561556155615561556155615561556155615561556155615561556155615561556155615561556155615561556155615561556155615561556155615561556155615561556155628802864286428642864286428881556155615561556155615561556155615561556155615561556155615561556155615561556155615561556155615561556164016411641164116411641164116411641164116331633163316331641164116411641164116411641
1556155615561556155615561556155615561556155615561556155615561556155615561556155615561556155615561556155615561556155615561556155628982884288428842884288428842884288528972897289728872897289728932872286428642864286428662884288428842884288428842884288428842884288428842884288428842884288429001556155615561556155615561556164816491649164916491649164916491649164916331633163316331649164916491649164916491649
1556155615561556155615561556155615561556155615561556155615561556155615561556155615561556155615561556155615561556155615561556155628802864286428642864286428642864288844514450445429084451445044542880286428642864286428642864286428642864286428642864286428642864286428642864286428642864286428881556155615561556155615561556165616571657165716571657165716571657165715601561156115621657165716571657165716571657
1556155615562898288428842900155615561556155615561556155615561556155615561556155615561556155615561556155615561556155615561556155628802864286428642864286428642864288844574456446016334457445644602882289228922892289228922892289228922892287228642864286428642864286428642864286428642864286428881556155615561556155615561556155615561556155615561556155615561556155616331633163316331556155615561556155615561556
1556155615562880286428642888163316331556163316331556155615561556155615561556155615561556155615561633163315561556155615561556155628802864286428642864286428642864288849314930493415564931493049342908156915691569156915691569156915691569290428922892287228642864286428642864286428642864286428881556155615561556155615561556163316331633163316331633163316331633155615601561156115621556155615561556155615561556
1556155615562880286428642888163316331556163316331556155615561556155615561556155615561556155615561633163315561556155615561556155628802864286428642864286428642864288849374936494016334937493649401569156915691569156915691569156915691569156915691569290428922872286428642864286428642864286428881556155615561556155615561556163316331633163316331633163316331633155628982884288429001556155615561556155615561556
1556155615562880286428642888163316331633163316331633163316331633163316331633163316331633163315561633163316331633163316331633163328802864286428642864286428642864288840984084408440844084410015691569156915691569156915691569156915691569156915691569156915692904287228642864286428642864286428881556155615561556155615561556163316331633163316331633163316331633163328802864286428881556155615561556155615561556
1556155615562880286428642888155615561556155615561556155615561556155615561556155615561556155615561556155615561556155615561556155628802864286428642864286428642864288815561556155615561556155615691569156915691569156915691569156915691569156915691569156915691569290428722864286428642864286428881556155615561556155615561633163316334835483448344834483816331633163328802864286428881556155615561556155615561556
1556155615562880286428642888163316331556155615561556155615561556155615561556155615561556155615561633163315561556155615561556155628802864286428642864286428642864288815561556155615561556155615691633156915691569156915691569156915691569156915691569156915691569156929042872286428642864286428881556155615561556155615561633163316334841484048404840484416331633163328802864286428881556155615561556155615561556
1556155615562880286428642888155615561556155615561556155615561556155615561556155615561556155615561633163315561556155615561556155628802864286428642864286428642868290215561556155615561556155616331633163315691569156915691569156915691569156915691569156915691569156915692904287228642864286428881556155615561556155615561633163316331633163316331633163316331633163328802864286428881556155615561556155615561556
1556155615562880286428642888163316331556155615561556155615561556163316331633163316331633163315561633163316331633163316331633163328802864286428642864286428642888156915691569156915691569156916331633163347434751474215691569156915691569156944034402440244024402440615691569288028642864286428881556155615561556155615561633163348354834483448344834483448381633163328802864286428881556155615561556155615561556
1556155615562880286428642888163316331556155615561556155615561556155615561556155615561556155615561556155615561556155615561556155628802864286428642864286428642888156915691569156915691569156947434751474247491556474915691569156915691569156944094408440844084408441215691569288028642864286428881556155615561556155615561633163348414840484048404840484048441633163328802864286428881556155615561556155615561556
1556155615562880286428642888163316331633163316331633163316331633155615561556155615561556155615561633163315561556155615561556155628802864286428642864286428682902156915691569156915691569156947491556474815691569156915691569156915691569156947874786478647864786479015691569290428722864286428881556155615561556155615561633163316331633163316331633163316331633163328802864286428881556155615561556155615561556
1556155615562880286428642866288428842884288428842884288428842884288428842884288428842884288428842884288428842884288428842884288428652864286428642864286428881569156915691569156915691569156915691569156915691569156915691569156915691569156947934792479247924792479615691569156928802864286428881556155615561556155615561633163316331633163316331633163316331633163328802864286428881556155615561556155615561556
1556155615562880286428642864286428642864286428642864286428642864286428642864286428642864286428642864286428642864286428642864286428642864286428642864286428881569156915691569156915691569156915691569156915691569156915691569156915691569156915691569156915691569156915691569156928802864286428881556155615561556155615561556289828842884288428842884288428842884288428652864286428881556155615561556155615561556
1556155615562880286428642864286428642864286428642864286428642864286428642864286428642864286428642864286428642864286428642864286428642864286428642864286428881569156915691569156915691569156915691569156915691569163316331633156915691569156915694595459445944594459445981569156928802864286428881556155615561556155615561556288028642864286428642864286428642864286428642864286428881556155615561556155615561556
1556155615562904289228922892289228922892289228722864286428682892289228922892289228922892289228922892289228922892287228642864286828922892289228922872286428881569156915691569156915691569156915691569156915691633163316331633163315691569156915694601460046004600460046041569156928802864286428881556155615561556155615561556288028642864286428642864286428642864286428642864286428881556155615561556155615561556
1556163316331633163316331633163315561556155628802864286428881556155615561556155615561556155615561556155615561556288028642864288815561556155615562880286428881569156915691569156915691569156915691569156915691633163316331633163315691569155615564979497849824978497949821569156928802864286428881556155615561556155615561556288028642864286828922892289228922892289228922892289229021556155615561556155615561556
1556160816081608160816081608155615561556155628802864286428881556155615561556163315561556155615561556155615561556288028642864288815561556155615562880286428662900156915691569156915691569156915691569156915694931493416331633163315691569163316334985498449884984498549881569289828652864286428881556155615561556155615561556288028642864288815561556155615561556155615561556155615561556155615561556155615561556
1556161616161616161616161616163315561556155628802864286428881556155615561556155615561556155615561556155615561556288028642864288815561556155615562880286428642888156915691569156915691569156915691569156915694937494016331633163315691569156915694098408440844084408441001569288028642864286428881556155615561556155615561556288028642864288815561556155615561556155615561556155615561556155615561556155615561556
1556163344514450445044504450445416331556155628802864286428881556163316331633163316331633163316331633163316331556288028642864288815561556155615562880286428682902156915691569156915691569156915691569156915691569156949314930493415691569156915691556155615561556155615561569288028642864286428881556155615561556155615561556288028642864288815561616161616161616161616161616161616161616161616161616155615561556
1556162444494448444844484448445216261556155628802864286428881556155615561556155615561556155615561556155615561556288028642864288815561556155615562880286829021633163316331633163316331569156915691569156915691569156949374936494015691569156915691556155615561556155615562898286528642864286428881556155615561556155615561556288028642864288815561616155615561616155615561616155615561616155615561616155615561556
1556163244574456445644564456446016341556155628802864286428881556155615561556163315561556155615561556155615561556288028642864288815561556155615562880288816331633163316331633163316331633156915691569156915691569156915691569156915691569156915691556155615561556155615562880286428642864286428881556155615561556155615561556288028642864288815561616155615561616155615561616155615561616155615561616155615561556
1556163249314930493049304930493416341556155628802864286428881556155615561556155615561556155615561556155615561556288028642864288815561556155615562880288816331633163349314934163316331633156915691569156915691569156915691569156915691569156915691569156915691569156928982865286428642864286428881556155615561556155615561556288028642864288815561616155615561616155615561616155615561616155615561616155615561556
1556163249374936493649364936494016341556155628802864286428881556163316331633163316331633163316331633163316331556288028642864288815561556155615562880288816331633163349374940163316331633156915691569156915691569156915691569156915691569156915691569156915691569289828652864286428642864286428881556155615561556155615561556288028642864288815561616161616161616161616161616155615561616155615561616155615561556
1556163216331633163316331633163316341556155628802864286428881556155615561556155615561556155615561556155615561556288028642864288815561556155615562880288849314930493416331633493149304934156915691569156915691569156915691569156915691569156915691569156928982884286528642864286428642864286428881556155615561556155615561556288028642864288815561616155615561616155615561616161616161616161616161616163315561556
1556163215561644164116331633163316421556155628802864286428881556155615561556163315561556155615561556155615561556288028642864288815561556155615562880288849374936494016331633493749364940156915691569156915691569156915691569156915691569156915691569289828652864286428642864286428642864286428881556155615561556155615561556288028642864288815561616155615561616155615561616155615561616155615561616155615561556
1556163216331634165715601561156216581556155628802864286428881556155615561556155615561556155615561556155615561556288028642864288815561556155615562880286628842884288428842884288428842884288428842884288428842884288428842884288428842884288428842884286528642864286428642864286428642864286428881556155615561556155615561556288028642864288815561616155615561616161616161616161616161616161616161616163315561556
1556164016411642163316331633163316331556155628802864286428881556163316331633163316331633163316331633163316331556288028642864288815561556155615562880286428642864286428642864286428642864286428642864286428642864286428642864286428642864286428642864286428642864286428642864286428642864286428881556155615561556155615561556288028642864288815561616161616161616155615561616155615561616155615561616155616331556
1556165616571658163316331633163316331556155628802864286428881556155615561556155615561556155615561556155615561556288028642864288815561556155615562904289228922892289228922892289228922892289228922892289228922892289228922892289228922892289228922892289228922892289228922892289228922892289229021556155615561556155615561556288028642864288815561616155615561616155615561616155615561616155615561616155615561556
1556289828842884288428842884288428842884288428652864286428881556155615561556163315561556155615561556155615561556288028642864288815561556155615561556155615561556155615561556155615561556155615561556155615561556155615561556155615561556155615561556155615561556155615561556155615561556155615561556155615561556155615561556288028642864288815561616155615561616155615561616155615561616155615561616155616331556
1556288028642864286428642864286428642864286428642864286428881556155615561556155615561556155615561556155615561556288028642864288815561556155615561556155615561556155615561556155615561556155615561556155615561556155615561556155615561556155615561556155615561556155615561556155615561556155615561556155615561556155615561556288028642864288815561616155615561616155615561616155615561616155615561616155615561556
1556288028642864286428642864286428642864286428642864286428881556155615561556163315561556155615561556155615561556288028642864288815561556256225482548254825482548254825482548254825482548254825482548254825482564154115411541154125622548254825482548254825482548254825482548254825482548254825482548254825482564155615561556288028642864288815561616161616161616161615561616155615561616155615561616163315561556
1556290428922892289228922892289228922892289228922892289229021556155615561556155615561556155615561556155615561556288028642864288815561556254425282528252825282528252825282528252825282528252825282528252825282552154915491549154925442528252825282528252825282528252825282528252825282528252825282528252825282552155615561556288028642864288815561616155615561616161616161616161616161616161616161616155615561556
1556155615561556155615561556155615561556155615561556155615561556163316331633163316331633163316331633163316331556288028642864288815561556254425282528252825282528252825282528252825282528252825282528252825282552154115411541154125442528252825282528252825282528252825282528252825282528252825282528252825282552155615561556288028642864288815561616155615561616155615561616155615561616155615561616155615561556
1556155615561556155615561556155615561556155615561556155615561556155615561556155615561556155615561556155615561556288028642864288815561556254425282528252825282528252825282528252825282528252825282528252825282552154915491549154925442528252825282528252825282528252825282528252825282528252825282528252825282552155615561556288028642864288815561616155615561616155615561616155615561616155615561616163316331556
1556155615561556155615561556155615561556155615561556155615561556155615561556155615561556155615561556155615561556288028642864288815561556254425282528252825282528252825282528252825282528252825282528252825282552154115411541154125442528252825282528252825282528252825282528252825282528252825282528252825282552155615561556288028642864288815561616155615561616155615561616155615561616155615561616163316331556
1556155615561556155615561556155615561556155615561556155616331556155615561556155615561556155615561556155615561556288028642864288815561556254425282528252825282528252825282528252825282528252825282528252825282552154915491549154925442528252825282528252825282528252825282528252825282528252825282528252825282552155615561556288028642864288815561616161615561616155615561616155615561616155615561616163316331556
1633163316331633163316331633163316341633155615561556155615561556155615561556155615561556163316331633163316331556288028642864288815561556254425282528252825282528252825282528252825282528252825282528252825282552154115411541154125442528252825282528252825282528252825282528252825282528252825282528252825282552155615561556288028642864288815561616161616161616161616161616161615561616155615561616155615561556
2084163316331633163316331633163316331556155616331633163316331633163316331633163316331633155615561556155615561633288028642864288815561556254425282528252825282528252825282528252825282528252825282528252825282552154915491549154925442528252825282528252825282528252825282528252825282528252825282528252825282552155615561556288028642864288815561616155615561616155615561616161616161616161616161616155615561556
2050208451715170517051705174163316331633155615561556155615561556155615561556155615561556155615561556155615561556288028642864288815561556254425282528252825282528252825282528252825282528252825282528252825282552154115411541154125442528252825282528252825282528252825282528252825282528252825282528252825282552155615561556288028642864288815561616155615561616155615561616155615561616155616161616155615561556
2048207251775176517651765180565156541556155615561556155616331556155615561556155615561556163316331633163316331633288028642864288815561556254425282528252825282528252825282528252825282528252825282528252825282552154915491549154925442528252825282528252825282528252825282528252825282528252825282528252825282552155615561556288028642864288815561616155615561616155615561616155615561616155615561616155615561556
2048207256595658565856585662565756601633163315561556155615561556155615561556155615561556155615561556155615561556288028642864288815561556254425282528252825282528252825282528252825282528252825282528252825282552154115411541154125442528252825282528252825282528252825282528252825282528252825282528252825282552155615561556288028642864288815561616155615561616155615561616155615561616155615561616155615561556
2048207216331633163316331608160816081608163316331633163316331633163316331633163316331633155615561556155615561633288028642864288815561556254425282528252825282528252825282528252825282528252825282528252825282552154915491549154925442528252825282528252825282528252825282528252825282528252825282528252825282552155615561556288028642864288815561616155615561616155615561616155615561616155615561616155615561556
2048205020841633163316331609160916091609163316331556155615561556155615561556155615561556155615561556155615561556288028642864288815561556256825562556255625562556255625562556255625562556255625562556255625562566154115411541154125682556255625562556255625562556255625562556255625562556255625562556255625562566155615561556288028642864288815561616155615561616155615561616155615561616155615561616155616331556
2052207620782093163316331616161616161616163316331633163316331633163316331633163316331633163316331633163316331633288028642864288815561556155615561556155615561556155615561556155615561556155615561556155615561556154915491549154915561556155615561556155615561556155615561556155615561556155615561556155615561556155615561556288028642864288815561616155615561616155615561616155615561616155616161616163316331556
2086289828842884290016331633163316331633163315561556155615561556155615561556155615561556155615561556155615561556288028642864288815561556155615561556155615561556155615561556155615561556155615561556155615561556155615561556155615561556155615561556155615561556155615561556155615561556155615561556155615561556155615561556288028642864288815561616155615561616155615561616155616161616161616161616163316331556
2884286528642864286628842884288428842884288428842884288428842884288428842884288428842884288428842884288428842884286528642864286628842884288428842884288428842884288428842884288428842884288428842884288428842884288428842884288428842884288428842884288428842884288428842884288428842884288428842884288428842884288428842884286528642864288815561616161616161616155615561616161616161616155615561616155615561556
2864286428642864286428642864286428642864286428642864286428642864286428642864286428642864286428642864286428642864286428642864286428642864286428642864286428642864286428642864286428642864286428642864286428642864286428642864286428642864286428642864286428642864286428642864286428642864286428642864286428642864286428642864286428642864288815561616155615561616161616161616155615561616155615561616155615561556
2864286428642864286428642864286428642864286428642864286428642864286428642864286428642864286428642864286428642864286428642864286428642864286428642864286428642864286428642864286428642864286428642864286428642864286428642864286428642864286428642864286428642864286428642864286428642864286428642864286428642864286428642864286428642864288815561616155615561616155615561616155615561616155615561616155615561556
2892289228922892289228922892289228922892289228922892289228922892289228922892289228922892289228922892289228922892287228642864286828922892289228922892289228922892289228922892289228922892289228922892289228922892289228722864286428682892289228922892289228922892289228922892289228922892289228922892289228922892289228922892287228642864288815561616155615561616155615561616155615561616155615561616155615561556
2068206820682068206820682068206820682068206820682068206820682068206820682068206820682068206820682068206820682084288028642864288815561556155615561556155615561556155615561556155615561556155615561556155615561556155628802864286428881556155615561556155615561556155615561556155615561556155615561556155615561556155615561556288028642864288815561616155615561616155615561616155615561616155615561616155615561556
2048204820482048204820482048204820482048204820482048204820482048204820482048204820482048204820482048204820482072288028642864288815561556155615561556155615561556155615561556155615561556155615561556155615561556155628802864286428881556155615561556155615561556155615561556155615561556155615561556155615561556155615561556288028642864288815561616155615561616155615561616155615561616155615561616155615561556
2048204820482048204820482048204820482048204820482048204820482048204820482048204820482048204820482048204820482072288028642864288815561556155615561556155615561556155615561556155615561556155615561556155615561556155629042892289229021556155615561556155615561556155615561556155615561556155615561556155615561556155615561556288028642864288815561616161616161616161616161616155615561616161616161616163316331556
2048204820482048204820482048204820482048204820482048204820482048204820482048204820482048204820482048204820482072288028642864288815561556155615561556155615561556155615561556155615561556155615561556155615561556155616331633163316331556155615561556155615561556155615561556155615561556155615561556155615561556155615561556288028642864288815561616155615561616155615561616161616161616155615561616163316331556
2048204820482048204820482048204820482048204820482048204820482048204820482048204820482048204820482048204820482072288028642864288815561556155615561556155615561556155615561556155615561556155615561556155615561556155616331633163316331556155615561556155615561556155615561556155615561556155615561556155615561556155615561556288028642864288815561616155615561616155615561616155615561616155615561616163316331556
2048205220762076207620762076207620762076207620762076207620762076207620762076207620762076207620762076207620562072288028642864288815561556155615561556155615561556155615561556155615561556155615561556155615561556155616331633163316331556155615561556155615561556155615561556155615561556155615561556155615561556155615561556288028642864288815561616155615561616155615561616155615561616155615561616155615561556
2048207216041604160416041604160416041604160416041604160416041604160416041604160416041604160416041604160420642072288028642864288815561556155615561556155615561556155615561556155616331633163316331633163316331633155616331633163316331556163316331633163316331633163316331633163316331633163316331556155615561556155615561556288028642864288815561616155615561616155615561616155615561616155615561616155615561556
2048207216041604160416041604160416041604160416041604160416041604160416041604160416041604160416041604160420642072288028642864288815561556155615561556155615561556155615561556155615561556155615561556155615561556155616331633163316331556155615561556155615561556155615561556155615561556155615561556155615561556155615561556288028642864288815561616161616161616161616161616161616161616161616161616155615561556
2048207216041604161216131614161516121613161416151612161316141615161216131614161516121613161416151604160420642072288028642864288815561556155615561556155615561556155615561556155615561556155615561556155615561556155616331633163316331556155615561556155615561556155615561556155615561556155615561556155615561556155615561556288028642864288815561616155615561616155615561616155615561616155615561616155615561556
2048207216041604162016211622162316201621162216231620162116221623162016211622162316201621162216231604160420642072288028642864288815561556155615561556155615561556155615561556155616331556155615561633163316331633163316331633163316331556155615561556155615561556155615561556155615561556155615561556155615561556155615561556288028642864288815561616155615561616155615561616155615561616155615561616163316331556
2048207216041604161416151612161316141615161216131614161516121613161416151612161316141615161216131604160420882086288028642864288815561556155615561556155615561556155615561633155615561556155615561633163316331556163316331633163316331633163315561556155615561556155615561556155615561556155615561556155615561556155615561556288028642864288815561616155615561616155615561616155615561616155615561616163316331556
2048207216041604162216231620162116221623162016211622162316201621162216231620162116221623162016211604160416331633288028642864288815561556155615561556155615561556155615561633155615561556163315561556155615561633163316331633163316331633163315561556155615561556155615561556155615561556155615561556155615561556155615561556288028642864288815561616161616161616161616161616161616161616161616161616163316331556
2048207216041604161216131614161516121613161416151612161316141615161216131614161516121613161416151604160416331633288028642864288815561556155615561556155615561556155615561556155615561633163316331633163316331633163316331633163316331633163316331633163316331633163316331633163316331633155615561556155616331633163315561556288028642864288815561556155615561556155615561556155615561556155615561556155615561556
2048207216041604162016211622162316201621162216231620162116221623162016211622162316201621162216231604160428982884286528642864288815561556155615561556155615561556155615561556155615561633163316331633163316331633163316331633163316331633163316331633163316331633163316331633163316331633155615561556155616331633163315561556288028642864288815561556155615561556155615561556155615561556155615561556155615561556
2048207216041604161416151612161316141615161216131614161516121613161416151612161316141615161216131604160428802864286428642864288815561556155615561556155615561556155615561556155616331633163316331633163316331633163316331633163316331633163316331633163316331633163316331633163316331633155615561556155616331633163315561556288028642864288815561556155615561556155615561556155615561556155615561556155615561556
2048207216041604162216231620162116221623162016211622162316201621162216231620162116221623162016211604160428802864286428642864288815561556155615561556155615561556155615561556155616331633163316334743475147421633163316331633163316331633163316331633163316331633163316331633163316331633155615561556155616331633163315561556288028642864288815561556155615561556155615561556155615561556155615561556155615561556
2048207216041604161216131614161516121613161416151612161316141615161216131614161516121613161416151604160428802864286428642864288815561556155615561556155615561556155615561556155616331633163316334749155647481633163316331633163316331633163316331633163316331633163316331633163316331633155615561556155616331633163315561556288028642864288815561556155615561556155615561556155615561556155615561556155615561556
2048207216041604162016211622162316201621162216231620162116221623162016211622162316201621162216231604160428802864286428642864288815561556155615561556155615561556155615561556155616331633163316331633163316331633163316331633163316331633163316331633163316331633163316331633163316331633155615561556155616331633163315561556288028642864288815561556155615561556163316331633163316331633155615561556155615561556
2048207216041604161416151612161316141615161216131614161516121613161416151612161316141615161216131604160429042892287228642864288815561556155615561556155615561556155615561633155615561633163316331633163316331633163316331633163316331633163316331633163316331633163316331633163316331633155615561556155616331633163315561556288028642864288815561556155615561556163316331633163316331633155615561556155615561556
2048207216041604162216231620162116221623162016211622162316201621162216231620162116221623162016211604160416331633288028642864288815561556155615561556155615561556155615561556155615561633163316331633163316331633163316331633163316331633163316331633163349314930493049341633163316331633155615561556155616331633163315561556288028642864288815561556155615561624155615561556155615561556162615561556155615561556
2048207216041604161216131614161516121613161416151612161316141615161216131614161516121613161416151604160416331633288028642864288815561556155615561556155615561556155615561556155615561633163316331633163352195218522215565219521852221633163316331633163349374936493649401633163316331633155615561556155616331633163315561633288028642864288815561556155615561632507550745078163316331633163415561556155615561556
2048207216041604162016211622162316201621162216231620162116221623162016211622162316201621162216231604160416331633288028642864288815561556155615561556155615561556155615561633155615561633163316331633163352255224522815565225522452281633163316331633163316331633163316331633163316331633155615561556155616331633163315561556288028642864288815561556155615561632508150805084507550745078163415561556155615561556
2048207216041604161416151612161316141615161216131614161516121613161416151612161316141615161216131604160416331633288028642864288815561556155615561556155615561556155615561556155615561556163316331633163356115610561415565611561056141633163316331633163316331633163316331633163316331633155615561556155616331633163315561556288028642864288815561556155615561632163316331633508150805084163415561556155615561556
2048207216041604162216231620162116221623162016211622162316201621162216231620162116221623162016211604160416331633288028642864288815561556155615561556155615561556155615561556155615561556163316331633163316331633163316331633163316331633163316331633163316331633163316331633163316331633155615561556155616331633163315561556288028642864288815561556155615561640164116411643163316331633163415561556155615561556
2048207216041604161216131614161516121613161416151612161316141615161216131614161516121613161416151604160416331633288028642864288815561556155615561556155615561556155615561556155615561556163316331633163316331633163316331633163316331633163316331633163316331633163316331633163316331633163315561556155615561556163316331633288028642864288815561556155615561648164916491640163316331633164215561556155615561556
2048207216041604162016211622162316201621162216231620162116221623162016211622162316201621162216231604160416331633288028642864288815561556155615561556155615561556155615561556155616331556155615561556155615561556155615561556155615561556155615561556155615561556155615561556155615561556155615561556155615561556163316331633288028642864288815561556155615561656165716571648156015611562165015561556155615561556
2048207216041604161416151612161316141615161216131614161516121613161416151612161316141615161216131604160416331633288028642864288815561556155615561556155615561556155615561633163316331556155615561556155615561556155615561556155615561556155615561556155615561556155615561556155615561556155615561556155615561556163316331633288028642864288815561556155615561633163316331656156015611562165815561556155615561556
2048207216041604162216231620162116221623162016211622162316201621162216231620162116221623162016211604160416331633288028642864288815561556155615561556155615561556155615561556155615561556155615561633163316331633163316331633163316331633163316331633163316331633163316331633163316331633163316331556155615561556163316331633288028642864286628842884288428842884288428842884288428842884290015561556155615561556
2048207216041604160416041604160416041604160416041604160416041604160416041604160416041604160416041604160416331633288028642864288815561556155615561556155615561556155615561556155615561556155615561633163316331633163316331633163316331633163316331633163316331633163316331633163316331633163316331556155615561556163316331633288028642864286428642864286428642864286428642864286428642864288815561556155615561556
2048207216041604160416041604160416041604160416041604160416041604160416041604160416041604160416041604160416331633288028642864288815561556155615561556155615561556155615561556155615561556155615561633163316331633163316331633163316331633163316331633163316331633163316331633163316331633163316331556155615561556163316331633288028642864286428642864286428642864286428642864286428642864288815561556155615561556
2048205020682068206820682068206820682068206820682068206820682068206820682068206820682068206820682068208416331633288028642864288815561556155615561556155615561556155615561556155615561556155615561633163316331633163316331633163316331633163316331633163316331633163316331633163316331633163316331556155615561556163316331633290428922892289228922892289228922892289228922892289228922892290215561556155615561556
2048204820482048204820482048204820482048204820482048204820482048204820482048204820482048204820482048207216331633288028642864288815561556155615561556155615561556155615561556155615561556155615561633163316331633163316331633163316331633163316331633163316331633163316331633163316331633163316331556155615561556163316331633163316331633163316331633163316331633163316331633163316331633163316331633163316331633
2048204820482048204820482048204820482048204820482048204820482048204820482048204820482048204820482048207216331633288028642864288815561556155615561556155615561556155615561556155615561556155615561633163316331633163316331633163316331633163316331633163316331633163316331633163316331633163316331556155615561556155615561556155615561556155615561556155615561556155615561556155615561556155615561556155615561556
2048204820482048204820482048204820482048204820482048204820482048204820482048204820482048204820482048207216331633288028642864288815561556155615561556155615561556155615561556155615561556155615561633163316331633163316331633163316331633163316331633163316331633163316331633163316331633163316331556155615561556155615561556155615561556155615561556155615561556155615561556155615561556155615561556155615561556
2048204820482048204820482048204820482048204820482048204820482048204820482048204820482048204820482048207216331633288028642864288815561556155615561556155615561556155615561556155615561556155615561633163316331633163316331633163316331633163316331633163316331633163316331633163316331633163316331556155615561556155615561556155615561556155615561556155615561556155615561556155615561556155615561556155615561556
2048204820482048204820482048204820482048204820482048204820482048204820482048204820482048204820482048207216331633288028642864288815561556155615561556155615561556155615561556155615561556155615561633163316331633163316331633163316331633163316331633163316331633163316331633163316331633163316331556155615561556155615561556155615561556155615561556155615561556155615561556155615561556155615561556155615561556
2048204820482048204820482048204820482048204820482048204820482048204820482048204820482048204820482048207216331633288028642864288815561556155615561556155615561556155615561556155615561556155615561633163316331633163316331633163316331633163316331633163316331633163316331633163316331633163316331556155615561556155615561556155615561556155615561556155615561556155615561556155615561556155615561556155615561556