0000000000000000000000000000000000000000000000000000000000000000000000000000000000000000000000000000000000000000000000000000000000000000000000000000000000000000000000000000000000000000000000000000000000000000000000000000000000000000342400000000000000000000000000000000000000000000000000000000000000000000000000000000000000000000000000000000000000000000000000000000000000000000000000000000000000000000
0000000000000000000000000000000000000000000000000000000000000000000000000000000000000000000000000000000000000000000000000000000000000000000000000000000000000000000000000000000000000000000000000000000000000000000000000000000000000000342400000000000000000000000000000000000000000000000000000000000000000000000000000000000000000000000000000000000000000000000000000000000000000000000000000000000000000000
0000000000000000000000000000000000000000000000000000000000000000000000000000000000000000000000000000000000000000000000000000000000000000000000000000000000000000000000000000000000000000000000000000000000000000000000000000000000000000342400000000000000000000000000000000000000000000000000000000000000000000000000000000000000000000000000000000000000000000000000000000000000000000000000000000000000000000
0000000000000000000000000000000000000000000000000000000000000000000000000000000000000000000000000000000000000000000000000000000000000000000000000000000000000000000000000000000000000000000000000000000000000000000000000000000000000000342400000000000000000000000000000000000000000000000000000000000000000000000000000000000000003426341234123412341234123412341234123412341234123412341234123428000000000000
0000000000000000000000000000000000000000000000000000000000000000000000000000000000000000000000000000000000000000000000000000000000000000000000000000000000000000000000000000000000000000000000000000000000000000000000000000000000000000342400000000000000000000000000000000000000000000000000000000000000000000000000000000000000003408339233923392339233923392339233923392339233923392339233923416000000000000
0000000000000000000000000000000000000000000000000000000000000000000000000000000000000000000000000000000000000000000000000000000000000000000000000000000000000000000000000000000000000000000000000000000000000000000000000000000000000000342400000000000000000000000000000000000000000000000000000000000000000000000000000000000000003408339233923392339233923392339233923392339233923392339233923416000000000000
0000000000000000000000000000000000000000000000000000000000000000000000000000000000000000000000000000000000000000000000000000000000000000000000000000000000000000000000000000000000000000000000000000000000000000000000000000000000000000342400000000000000000000000000000000000000000000000000000000000000000000000000000000000000003408339233923392339233923392339233923392339233923392339233923416000000000000
0000000000000000000000000000000000000000000000000000000000000000000000000000000000000000000000000000000000000000000000000000000000000000000000000000000000000000000000000000000000000000000000000000000000000000000000000000000000000000342400000000000000000000000000000000000000000000000000000000000000000000000000000000000000003432342034203420342034203420340033923392339233923392339233923416000000000000
0000000000000000000000000000000000000000000000000000000000000000000000000000000000000000000000000000000000000000000000000000000000000000000000000000000000000000000000000000000000000000000000000000000000000000000000000000000000000000340934123412341234123412341234123412341234123412341234123428000000003426341234123428000000000000000000000000000000000000340833923392339233923392339233923416000000000000
0000000000000000000000000000000000000000000000000000000000000000000000000000000000000000000000000000000000000000000000000000000000000000000000000000000000000000000000000000000000000000000000000000000000000000000000000000342634123412339333923392339233923392339233923392339233923392339233923416000034263393339233923416000000000000000000000000000000000000340833923392339233923392339233923416000000000000
0000000000000000000000000000000000000000000000000000000000000000000000000000000000000000000000000000000000000000000000000000000000000000000000000000000000000000000000000000000000000000353000000000000000000000000000003530340833923392339233923392339233923392339233923392339233923392339233923416000034323400339233963430000000000000000000000000000000000000343234203420342034203420342034203430000000000000
0000000000000000000000000000000000000000000000000000000000000000000000000000000000000000000000000000000000000000000000000000000000000000000000000000000000000000000000000000000000000000352000000000000000000000000000003520343234203420342034203420342034203420342034203420342034203420342034203430000000003408339234160000000000000000000000000000000000000000000000000000000000000000000000000000000000000000
0000000000000000000000000000000000000000000000000000000000000000000000000000000000000000000000000000000000000000000000000000352335213521352135213521352135213521352135213521352135213521352700000000000000000000000000003529352135213521352135213521352135213521352135213521352135213521352135213525342634123393339233943428000000000000000000000000000000000000000000000000000000000000000000000000000000000000
0000000000000000000000000000000000000000000000000000000000000000000000000000000000000000000000000000000000000000000000000000352000000000000000000000000000000000000000000000000000000000000000000000000000000000000000000000000000000000000000000000000000000000000000000000000000000000000000003520340833923392339233963430000000000000000000000000000000000000000000000000000000000000000000000000000000000000
0000000000003051304130413041303030283028302830283028302830283028302830283028302830283028302830283028302830283028302830440000353200000000000000000000000000000000000000000000000000000000000000000000000000000000000000000000000000000000000000000000000000000000000000000000000000000000000000003520340833923392339234160000000000000000000000000000000000000000000000000000000000000000000000000000000000000000
0000000000000000000000000000302430083008300830083008300830083008300830083008300830083008300830083008300830083008300830103028304400000000000000000000000000000000000000000000000000000000000000000000000000000000000000000000000000000000000000000000000000000000000000000000000000000000000000003520340833923392339234163523352135213521352135213521352135213521352500000000000000003426341234123412341234123412
0000000000000000000000000000302430083008300830083008300830083008300830083008300830083008300830083008300830083008300830083008303200000000000000000000000000000000000000000000000000000000000000000000000000000000000000000000000000000000000000000000000000000000000000000000000000000000000000003520340833923392339234163520000000000000000000000000000000000000352000000000000000003408339233923392339233923392
0000000000000000000000000000302430083008300830083008300830083008300830083008300830083008300830083008300830083008300830083008303200000000000000000000000000000000000000000000000000000000000000000000000000000000000000000000000000000000000000000000000000000000000000000000000000000000000000003520340833923392339234163520000000000000000000000000000000000000352000000000000000003408339233923392339233923392
0000000000000000000000000000302430083008300830083008300830083008300830083008300830083008300830083008300830083008300830083008303200000000000000000000000000000000000041464132413241324132414800000000000000000000000000000000000000000000000000000000000000000000000000000000000000000000000000003520340833923392339234163520000000000000000000000000000000000000352000000000000000003408339233923392339233923392
0000000000000000000000000000302430083008300830083008300830083008300830083008300830083008300830083008300830083008300830083008303200000000000000000000000000000000000041284112411241124112413600000000000000000000000000000000000039660000000000000000000000000000000000000000000000000000000000003520340833923392339234163507352135330000000000000000000035313521351500000000000000003408339233923392339233923392
0000000000000000000000000000302430083008300830083008300830083008300830083008300830083008300830083008300830083008300830083008303200000000000000000000000000000000000041284112411241124112413600000000000000000000000000000000000000000000000039660000000000000000000000000000000000000000000000003520340833923392339234163520000000000000000000000000000000000000352000000000000000003408339233923392339233923392
0000000000000000000000000000302430083008300830083008300830083008300830083008300830083008300830083008300830083008300830083008303200000000000000000000000000000000000041524140414041404140415000000000000000000000000000000000000000000000000000000000000000000000000000000000000000000000000000003520340833923392339234163520000000000000000000000000000000000000352000000000000000003408339233923392339233923392
0000000000000000000000000000302430083008300830083008300830083008300830083008300830083008300830083008300830083008300830083008303200000000000000000000000000000000000000000000000000000000000000000000000000000000000000003966000000000000000000000000000000000000000000000000000000000000000000003520340833923392339234163520000000000000000000000000000000000000352000000000000000003408339233923392339233923392
0000000000000000000000000000302430083008300830083008300830083008300830083008300830083008300830083008300830083008300830083012304600000000000000000000000000000000000000000000000000000000000000000000000000000000000000000000000000000000000000000000000000000000000000000000000000000000000000003520340833923392339234163520000000000000000000000000000000000000352000000000000000003408339233923392339233923392
0000000000000000000000000000304830363036303630363036303630363036303630363036303630363036303630363036303630363036303630363046000000000000000000000000000000000000000039660000000000000000000000000000000000000000000000000000000000000000000000000000000000000000000000000000000000000000000000003520340833923392339234163520000000000000000000000000000000000000352000000000000000003408339233923392339233923392
0000000000000000000000000000000000000000000000000000000000000000000000000000000000000000000000000000000000000000000000000000000000000000000000000000000000000000000000000000000000000000000000000000000000000000000039660000396600000000000000000000000000000000000000000000000000000000000000003520340833923392339234163529352135213521353300003531352135213521352700000000000000003408339233923392339233923392
0000000000000000000000000000000000000000000000000000000000000000000000000000000000000000000000000000000000000000000000000000000000000000000000000000000000000000000000000000000000000000000000000000000000000000000000000000000000000000000000000000000000000000000000000000000000000000000000003520340833923392339234163146000000000000000000000000000000000000000000000000000000003408339233923392339233923392
0000000000000000000000000000000000000000000000000000000000000000000000000000000000000000000000000000000000000000000000000000000000000000000000000000000000000000000000000000000000003966000000000000000000000000000000000000000000000000000000000000000000000000000000000000000000000000000000003520340833923392339234163136000000000000000000000000000000000000000000000000000000003408339233923392339233923392
0000000000000000000000000000000000000000000000000000000000000000000000000000000000000000000000000000000000000000000000000000000000000000000000000000000000000000000000000000000000000000000000000000000000000000000000000000000000003966000000000000000000000000000000000000000000000000000000003520340833923392339234163136000000000000000000000000000000000000000000000000000000003408339233923392339233923392
0000314731373137313731373137314100000000000000000000000000000000304230283028302830283028302830283028302830440000000000000000000035313521352135250000000000000000000000000000396600000000000000000000000000000000000000000000000000000000000000000000000000000000000000000000000000000000000000003520340833923392339234163136000000000000000000000000000000000000000000000000000000003432342034203420342034203420
0000000000000000000000000000313600000000000000000000000000000000302430083008300830083008300830083008300830320000000000000000000000000000000035200000000000000000000000000000000000000000396600000000000000000000000000000000000000000000000000000000000000000000000000000000000000000000000000003520340833923392339234163136000000000000000031393137313731373137313731373137313731373137313731373137313731373126
0000000000000000000000000000314800000000000000000000000000000000302430083008300830083008300830083008300830320000000000000000000000000000000035200000000000000000000000000000000000000000000000000000000000000000000000000000000000000000396600004146413241324132413241480000000000000000000000003520340833923392339234163136000000000000000031363051304130413041304130413041304130413041304130413041303030443120
0000000000000000000000000000000000000000000000000000000000000000302430083008300830083008300830083008300830320000000000000000000000000000000035200000000000000000000000000000000000000000000000000000000000000000000000000000000000000000000000004128411241124112411241360000000000000000000000003520340833923392339234163136000000000000000031360000000000000000000000000000000000000000000000000000302430323120
0000000000000000000000000000000000000000000000000000000000000000302430083008300830083008300830083008300830320000000000000000000000000000000035200000000000000000000000000000000000000000000000000000000000000000000000000000000000000000000000004128411241124112411241360000000000000000000000003520340833923392339234163136000000000000000031360000000000000000000000000000000000000000000000000000302430323120
0000000000000000000000000000000000000000000000000000000000000000302430083008300830083008300830083008300830320000000000000000000000000000000035200000000000000000000000000000000000000000000000000000000000000000000000000000000000000000000000004152414041404140414041500000000000000000000000003520340833923392339234163136000000000000000031360000000000000000000000000000000000000000000000000000302430323120
0000000000000000000000000000000000000000000000000000000000000000302430083008300830083008300830083008300830320000000000000000000000000000000035200000000000000000000000000000000000000000000000000000000000000000000000000000000000000000000000000000000000000000000000000000000000000000000000003520340833923392339234163136000000000000000031360000000000000000000000000000000000000000000000000000302430323120
0000000000000000000000000000000000000000000000000000000000000000302430083008300830083008300830083008300830320000000000000000000000000000000035200000000000000000000000000000000000000000000000000000000000000000000039660000000000000000000000000000000000000000000000000000000000000000000000003520340833923392339234163136000000000000000031360000000000000000000000000000000000000000000000000000302430323120
0000000000000000000000000000000000000000000000000000000000000000302430083008300830083008300830083008300830320000000000000000000000000000000035200000000000000000000000000000000000000000000000000000000000000000000000000000000000003966000000000000000000000000000000000000000000000000000000003520340833923392339234163136000000000000000031360000000000000000000000000000000000000000000000000000302430323120
0000000000000000000000000000000000000000000000000000000000000000302430083008300830083008300830083008300830320000000000000000000000000000000035200000000000000000000000000000000000000000000000000000000000000000000000000000000000000000000000000000000000000000000000000000000000000000000000003520340833923392339234163136000000000000000031360000000000000000000000000000000000000000000000000000302430323120
0000000000000000000000000000000000000000000000000000000000000000302430083008300830083008300830083008300830320000000000000000000000000000000035200000000000000000000000000000000000000000000000000000000000000000000000000000000000000000000000000000000000000000000000000000000000000000000000003520340833923392339234163148000000000000000031360000000000000000000000000000000000000000000000000000302430323120
0000000000000000000000000000000000000000000000000000000000000000302430083008300830083008300830083008300830320000000000000000000000000000000035200000000000000000000000000000000000000000000000000000000000000000000000000000000000000000000000000000000000000000000000000000000000000000000000003520340833923392339234160000000000000000000031360000000000000000000000000000000000000000000000000000302430323120
0000000000000000000000000000000000000000000000000000000000000000302430083008300830083008300830083008300830320000000000000000000000000000000035200000000000000000000000000000000000000000000000000000000000000000000000000000000000000000000000000000000000000000000000000000000000000000000000003520340833923392339234160000000000000000000031360000000000000000000000000000000000000000000000000000302430323120
0000000000000000000000000000000000000000000000000000000000000000302430083008300830083008300830083008300830320000000000000000000000000000000035293521352135213521352135213521352135213521352135213521352135330000000000000000000000003531352135213521352135213521352135213521352135213521352135213527343234203420342034300000000000000000000031360000000000000000000000000000000000000000000000000000302430323120
0000000000000000000000000000000000000000000000000000000000000000302430083008300830083008300830083008300830320000000000000000000000003139314930513041304130413041304130413041304130413041304130413041304130530000000000000000000000003051304130413041304130413041304130413041304130413041304130533147313731373137314100000000000000000000000031360000000000000000000000000000000000000000000000000000302430323120
0000000000000000000000000000000000000000000000000000000000000000302430083008300830083008300830083008300830320000000000000000000000003136000000000000000000000000000000000000000000000000000000000000000000000000000000000000000000000000000000000000000000000000000000000000000000000000000000000000000000000000313600000000000000000000000031360000000000000000000000000000000000000000000000000000302430323120
0000000000000000000000000000000000000000000000000000000000000000302430083008300830083008300830083008300830320000000000000000000000003136000000000000000000000000000000000000000000000000000000000000000000000000000000000000000000000000000000000000000000000000000000000000000000000000000000000000000000000000313600000000000000000000000031360000000000000000000000000000000000000000000000000000302430323120
0000000000000000000000000000000000000000000000000000000000000000302430083008300830083008300830083008300830320000000000000000000000003136000000000000000000000000000000000000000000000000000000000000000000000000000000000000000000000000000000000000000000000000000000000000000000000000000000000000000000000000313600000000000000000000000031360000000000000000000000000000000000000000000000000000302430323120
0000000000000000000000000000000000000000000000000000000000000000302430083008300830083008300830083008300830320000000000000000000000003136000000000000000000000000000000000000000000000000000000000000000000000000000000000000000000000000000000000000000000000000000000000000000000000000000000000000000000000000313600000000000000000000000031360000000000000000000000000000000000000000000000000000302430323120
0000000000000000000000000000000000000000000030423028302830283028300930083008300830083008300830083008300830320000000000000000000000003136000000000000000000000000000000000000000000000000000000000000000000000000000000000000000000000000000000000000000000000000000000000000000000000000000000000000000000000000313600000000000000000000000031360000000000000000000000000000000000000000000000000000302430323120
0000000000000000000000000000000000000000000030243008300830083008300830083008300830083008300830083008300830320000000000000000000000003136000000000000000000000000000000000000000000000000000000000000000000000000000000000000000000000000000000000000000000000000000000000000000000000000000000000000000000000000313600000000000000000000000031360000000000000000000000000000000000000000000000000000302430323120
3137313731373137313731373137313731373141000030243008300830083008300830083008300830083008300830083008300830103044000000000000000000003136000000000000000000000000000000000000000000000000000000000000000000000000000000000000000000000000000000000000000000000000000000000000000000000000000000000000000000000000313600000000000000000000000031360000000000000000000000000000000000000000000000000000302430323120
2132000000000000000000000000000000003136000030243008300830083008300830083008300830083008300830083008300830083032000000000000000000003136000000000000000000000000000000000000000000000000000000000000000000000000000000000000000000000000000000000000000000000000000000000000000000000000000000000000000000000000313600000000000000000000000031360000000000000000000000000000000000000000000000000000302430323120
2120000000000000000000000000000000003136000030243008300830083008300830083008300830083008300830083008300830083032000000000000000000003136000000000000000000000000000000000000000000000000000000000000000000000000000000000000000000000000000000000000000000000000000000000000000000000000000000000000000000000000313600000000000000000000000031360000000000000000000000000000000000000000000000000000302430323120
2120000000000000000000000000000000003136000030243008300830083008300830083008300830083008300830083008300830083032000000000000000000003136000000000000000000000000000000000000000000000000000000000000000000000000000000000000000000000000000000000000000000000000000000000000000000000000000000000000000000000000313600000000000000000000000031360000000000000000000000000000000000000000000000000000302430323120
2120000000000000000000000000000000003145314130243008300830083008300830083008300830083008300830083008300830083032000000000000000000003136000000000000000000000000000000000000000000000000000000000000000000000000000000000000000000000000000000000000000000000000000000000000000000000000000000000000000000000000313600000000000000000000000031360000000000000000000000000000000000000000000000000000302430323120
2120000000000000000031460000000000000000313630243008300830083008300830083008300830083008300830083008300830083032000000000000000000003136000000000000000000000000000000000000000000000000000000000000000000000000000000000000000000000000000000000000000000000000000000000000000000000000000000000000000000000000313600000000000000000000000031360000000000000000000000000000000000000000000000000000302430323120
2120000000000000000031360000000000000000313630243008300830083008300830083008300830083008300830083008300830083032000000000000000000003136000000000000000000000000000000000000000000000000000000000000000000000000000000000000000000000000000000000000000000000000000000000000000000000000000000000000000000000000313600000000000000000000000031360000000000000000000000000000000000000000000000000000302430323120
2120000000000000000031360000000000000000313630483036303630363036303630363036303630363036303630363036303630363046000000000000000000003145313731373137314900000000000031473137313731373137313731373137313731373149000000000000000031473137313731373137313731373137313731373137313731373137313731373137313731373137314300000000000000000000000031360000000000000000000000000000000000000000000000000000302430323120
2134000000000000000031453137313731373137314300000000000000000000000000000000000000000000000000000000000000000000000000000000000000000000000000000000000000000000000000000000000000000000000000000000000000000000000000000000000000000000000000000000000000000000000000000000000000000000000000000000000000000000000000000000000000000000000031360000000000000000000000000000000000000000000000000000302430323120
0000000000000000000000000000000000000000000000000000000000000000000000000000000000000000000000000000000000000000000000000000000000000000000000000000000000000000000000000000000000000000000000000000000000000000000000000000000000000000000000000000000000000000000000000000000000000000000000000000000000000000000000000000000000000000000031360000000000000000000000000000000000000000000000000000302430323120
0000000000000000000000000000000000000000000000000000000000000000000000000000000000000000000000000000000000000000000000000000000000000000000000000000000000000000000000000000000000000000000000000000000000000000000000000000000000000000000000000000000000000000000000000000000000000000000000000000000000000000000000000000000000000000000031360000000000000000000000000000000000000000000000000000302430323120
0000000000000000000000000000000000000000000000000000000000000000000000000000000000000000000000000000000000000000000000000000000000000000000000000000000000000000000000000000000000000000000000000000000000000000000000000000000000000000000000000000000000000000000000000000000000000000000000000000000000000000000000000000000000000000000031360000000000000000000000000000000000000000000000000000302430323120
0000000000000000000000000000000000000000000000000000000000000000000000000000000000000000000000000000000000000000000000000000000000000000000000000000000000000000000000000000000000000000000000000000000000000000000000000000000000000000000000000000000000000000000000000000000000000000000000000000000000000000000000000000000000000000000031360000000000000000000000000000000000000000000000000000302430323120
2116211621162116211621162116211621162116211621162116211621162116211621162116211621162116211621162116211621162132000000000000000000000000000000000000000000000000000000000000000000000000000000000000000000000000000000000000000000000000000000000000000000000000000000000000000000000000000000000000000000000000000000000000000000000000000031360000000000000000000000000000000000000000000000000000302430323120
2124210420962100212421242104209620962096209620962096210021242124210420962100212421242124210420962096209620962120000000000000000000000000000000000000000000000000000000000000000000000000000000000000000000000000000000000000000000000000000000000000000000000000000000000000000000000000000000000000000000000000000000000000000000000000000031480000000000000000000000000000000000000000000000000000302430323120
2237211220962120223522372112209620962096209620962096212022352237211220962120223522142228211220962096209620962120000000000000000000000000000000000000000000000000000000000000000000000000000000000000000000000000000000000000000000000000000000000000000000000000000000000000000000000000000000000000000000000000000000000000000000000000000000000000000000000000000000000000000000000000000000000000302430323120
2116209720962098211621162097210021242124210420962096209821162116209720962098213222322230211220962096209620962120000000000000000000000000000000000000000000000000000000000000000000000000000000000000000000000000000000000000000000000000000000000000000000000000000000000000000000000000000000000000000000000000000000000000000000000000000000000000000000000000000000000000000000000000000000000000302430323120
2096209620962096209620962096212022352237211220962096209620962096209620962096209821162116209720962096209620962120000000000000000000000000000000000000000000000000000000000000000000000000000000000000000000000000000000000000000000000000000000000000000000000000000000000000000000000000000000000000000000000000000000000000000000000000000000000000000000000000000000000000000000000000000000000000302430323120
2096210021242124212421242124212621292129212521242124212421242124212421242124212421242124212421242124212421042120000000000000000000000000000000000000000000000000000000000000000000000000000000000000000000000000000000000000000000000000000000000000000000000000000000000000000000000000000000000000000000000000000000000000000000000000000000000000000000000000000000000000000000000000000000000000302430323120
2096212000000000000000000000000000000000000000000000000000000000000000000000000000000000000000000000000021122120000000000000000000000000000000000000000000000000000000000000000030433041304130413041304130413053000000000000000000000000305130413041304130413041304130413041304130413041304130530000000030423028302830440000000000000000000000000000000000000000000000000000000000000000000000000000302430323120
2096212000000000000000000000000000000000000000000000000000000000000000000000000000000000000000000000000021122120000000000000000000000000000000000000000000000000000000000000000030400000000000000000000000000000000000000000000000000000000000000000000000000000000000000000000000000000000000000000000030243008300830320000000000000000000000000000000000000000000000000000000000000000000000000000302430323120
2096212000000000000000000000000000000000000000000000000000000000000000000000000000000000000000000000000021122120000000000000000000000000000000000000000000000000000000000000000030400000000000000000000000000000000000000000000000000000000000000000000000000000000000000000000000000000000000000000000030243008300830320000000000000000000000000000000000000000000000000000000000000000000000000000302430323120
2096212000000000000000000000000000000000000000000000000000000000000000000000000000000000000000000000000021122120000000000000000000000000000000000000000000000000000000000000000030520000000000003042302830293053314600000000000000003042302830283028302830283028302830283028302830283028304400000000000030243008300830320000000000000000000000000000000000000000000000000000000000000000000000000000302430323120
2096212000000000000000000000000000000000000000000000000000000000000000000000000000000000000000000000000021362134000000000000000000000000000000000000000000000000000000003050000000000000000000003048303630463139314328982884290000003024300830083008300830083008300830083008300830083008303200000000000030243008300830320000000000000000000000000000000000000000000000000000000000000000000000000000302430323120
2096212000000000000000000000000000000000000000000000000000000000000000000000000000000000000000000000000000000000000000000000000000000000000000000000000000000000000000003052000000000000305031393137313731373143000028802864288800003024300830083008300830083008300830083008300830083008303200000000000030243008300830320000000000000000000000000000000000000000000000000000000000000000000000000000302430323120
2096212000000000000000000000000000000000000000000000000000000000000000000000000000000000000000000000000000000000000000000000000000000000000000000000000000000000000000000000000000003042303431360000000000000000000028802864288800003048303630363036303630363036303630363036301630083008303200000000000030243008300830320000000000000000000000003051304130413041304130413041304130413041304130413041303730463120
2096212000000000000000000000000000000000000000000000000000000000000000000000000000000000000000000000000000000000000000000000000000000000000000000000000000000000000000000000000000003024303231360000000000000000000028802864288800000000000028982884288428842884288428842900302430083008303200000000000030243008300830320000000000000000000031473137313731373137313731373137313731373137313731373137313731373133
2096212000000000000000000000000000000000000000000000000000000000000000000000000000000000000000000000000000000000000000000000000000000000000000000000000000000000000000000000000030423009303231360000000000000000000028802864286629000000000028822892289228922892289228922902302430083008303200000000000030243008300830320000000000000000000000000000000000000000000000000000000000000000000000000000000000000000
2096212000000000000000000000000000000000000000000000000000000000000000000000000000000000000000000000000000000000000000000000000000000000000000000000000000000000000000000000000030243008303231360000000000000000000028802864286428880000000028960000000000000000000000003042300930083008303200000000000030243008300830320000000000000000000000000000000000000000000000000000000000000000000000000000000000000000
2096212000000000000000000000000000000000000000000000000000000000000000000000000000000000000000000000000000000000000000000000000000000000000000000000000000000000000000000000000030243008303231360000000000000000000028802864286428662884288428672900000000000000000000003024300830083008303200000000000030243008300830320000000000000000000000000000000000000000000000000000000000000000000000000000000000000000
2096212000000000000000000000000000000000000000000000000000000000000000000000000000000000000000000000000000000000000000000000000000000000000000000000000000000000000000000000000030483016303231360000289828842884288428652864286428642864286428642888000000000000000000003024300830083008303200000000000030243008300830320000000000000000000000000000000000000000000000000000000000000000000000000000000000000000
2096212000000000000000000000000000000000000000000000000000000000000000000000000000000000000000000000000000000000000000000000000000000000000000000000000000000000000000003050000000003024303231360000288028642864286428642868289228922892289228722888000000000000000000003024300830083008303200000000000030243008300830320000000000000000000000000000000000000000000000000000000000000000000000000000000000000000
2096212000000000000000000000000000000000000000000000000000000000000000000000000000000000000000000000000000000000000000000000000000000000000000000000000000000000000000003040000000003024303231362899289328922892289228762902000000000000000028802888000000000000000000003024300830083008303200000000000030243008300830320000000000000000000030423028302830440000000000000000000000000000000000000000000000000000
2096212000000000000000000000000000000000000000000000000000000000000000000000000000000000000000000000000000000000000000000000000000000000000000000000000000000000000000003040000000003024303231362896000000000000000028960000000000000000000028802888000000000000000000003024300830083008303200000000000030243008300830103044000000000000000030243008300830320000000000000000000000000000000000000000000000000000
2096212000000000000000000000000000000000000000000000000000000000000000000000000000000000000000000000000000000000000000000000000000000000000000000000000000000000000000003052000000003048303331362896000000000000000028960000000000000000000028802866288428842884288429003024300830083008303200000000000030243008300830083032000000000000000030243008300830320000000000000000000000000000000000000000000000000000
2124212100000000000000000000000000000000000000000000000000000000000000000000000000000000000000000000000000000000000000000000000000000000000000000000000000000000000000000000000000000000304031362908000000000000000029080000000000000000000029042892289228922892289229023024300830083008303200000000000030243008300830083032000000000000000030243008300830320000000000000000000000000000000000000000000000000000
2237212800000000000000000000000000000000000000000000000000000000000000000000000000000000000000000000000000000000000000000000000000000000000000000000000000000000000000000000000000000000304031453137313731373137313731373137313731373137313731373137313731373137313731493024300830083008303200000000000030483036301630083032000000000000000030243008300830320000000000000000000000000000000000000000000000000000
2116212200000000000000000000000000000000000000000000000000000000000000000000000000000000000000000000000000000000000000000000000000000000000000000000000000000000000000000000000000000000304930413041304130413041304130413041304130413041304130413041304130413041304130413037303630363036304600000000000000000000302430083032000000000000000030243008300830320000000000000000000000000000000000000000000000000000
2096212000000000000000000000000000000000000000000000000000000000000000000000000000000000000000000000000000000000000000000000000000000000000000000000000000000000000000000000000030500000000000000000000000000000000000000000000000000000000000000000000000000000000000000000000000000000000000000000000000000000302430083032000000000000000030243008300830320000000000000000000000000000000000000000000000000000
2096212000000000000000000000000000000000000000000000000000000000000000000000000000000000000000000000000000000000000000000000000000000000000000000000000000000000000000003051304130470000000000000000000000000000000000000000000000000000000000000000000000000000000000000000000000000000000000000000000000000000302430083032000000000000000030483036303630460000000000000000000000000000000000000000000000000000
2096212000000000000000000000000000000000000000000000000000000000000000000000000000000000000000000000000000000000000000000000000000000000000000000000000000000000000000000000000000000000000000003042302830283028302830283028302830283028302830283028302830283028302830283028302830283028302830440000000000000000302430083032000000000000000000000000000000000000000000000000000000000000000000000000000000000000
2096212000000000000000000000000000000000000000000000000000000000000000000000000000000000000000000000000000000000000000000000000000000000000000000000000000000000000000000000000000000000000000003024300830083008300830083008300830083008300830083008300830083008300830083008300830083008300830320000000000000000302430083032000000000000000000000000000000000000000000000000000000000000000000000000000000000000
2096212000000000000000000000000000000000000000000000000000000000000000000000000000000000000000000000000000000000000000000000000000000000000000000000000000000000000000000000000000000000000000003024300830083008300830083008300830083008300830083008300830083008300830083008300830083008300830320000000000000000302430083032000000000000000000000000000000000000000000000000000000000000000000000000000000000000
2096209821162116211621162116211621162116211621162116211621162116211621162116211621162116211621162116213200000000000000000000000000000000000000000000000000000000000000000000000000000000000000003024300830083008300830083008300830083008300830083008300830083008300830083008300830083008300830320000000000000000302430083032000000000000000000000000000000000000000000000000000000000000000000000000000000000000
2096209620962096209620962096209620962096209620962096210021242124212421042096209620962096209620962096212000000000000000000000000000000000000000000000000000000000000000000000000000000000000000003024300830083008300830083008300830083008300830083008300830083008300830083008300830083008300830320000000000000000304830363038304130413041304130413041304130413041304130413041304130413041304130413041304130413041
2096209620962096209620962096209620962096209620962096212022352225223721122096209620962096209620962096212000000000000000000000000000000000000000000000000000000000000000000000000000000000000000003024300830083008300830083008300830083008300830083008300830083008300830083008300830083008300830320000000000000000000000000000000000000000000000000000000000000000000000000000000000000000000000000000000000000000
2096209620962100212421242124210420962096209620962096209821162116211620972100212421242104209620962096212000000000000000000000000000000000000000000000000000000000000000000000000000000000000000003024300830083008300830083008300830083008300830083008300830083008300830083008300830083008300830320000000000000000000000000000000000000000000000000000000000000000000000000000000000000000000000000000000000000000
2096209620962120222622122228211220962096209620962096209620962096209620962120223522372112209620962096212000000000000000000000000000000000000000000000000000000000000000000000000000000000000000003024300830083008300830083008300830083008300830083008300830083008300830083008300830083008300830320000000000000000000000000000000000000000000000000000000000000000000000000000000000000000000000000000000000000000
2096209620962120223222202230211220962096209620962096209620962096209620962098211621162097209620962096212000000000000000000000000000000000000000000000000000000000000000000000000000000000000000003024300830083008300830083008300830083008300830083008300830083008300830083008300830083008300830320000000000000000000000000000000000000000000000000000000000000000000000000000000000000000000000000000000000000000
2096209620962098211621162116209720962096209620962096209620962096209620962096209620962096209620962096212000000000000000000000000000000000000000000000000000000000000000000000000000000000000000003024300830083008300830083008300830083008300830083008300830083008300830083008300830083008300830320000000000000000000000000000000000000000000000000000000000000000000000000000000000000000000000000000000000000000