0113011201130112011301120113011201130112011301120113011201130112011301120113011201130112011301120113011201130112011301120113011201130112011301120113011201130112011301120113046200000124011600000000000000000000000000000077000000000463000000910182018204460447000000000000000000000000000000000000000000000000000000000000000000000000000000000000000000000000000000000000000000000000000000000000044604470091
0121012001210120012101200121012001210120012101200121012001210120012101200121012001210120012101200121012001210120012101200121012001210120012101200121012001210120012101200121047000000000012402900053029000530290022902900077000000000471000000910182018204540455000000000291005300000000000000000053000000000000029100530000000000000291005300000000000000000053000002910000000000530000000002910000000004550091
0112011301120113011201130112011301120113011201130112011301120113011201130112011301120113011201130112011301120113010201120113011201130112011301120113011201130112011301120113043804390000000002980061029800610298023702980000000004380439000000910182018204620463000000000299006100000000019700000061000000000000029900610000000000000337006100000000000001970061000002990000000000610197000002990338000004630091
0120012101200121012001210120012101200121012001210120012101200121012001210120012101200121012001210120012101200121010201200121012001210120012101200121012001210120012101200121044604470000000000000000000000000000024500000000000004460447000000910182011201130471009100910091009100910091009100910091009100910091009100910091037100000345000000000000000000000000000000000000000000000000000000000346000004710091
0113011201130112011301120113011201130112011301120113011201130112011301120113011201130112011301120113011201130112011301120113011201130112011301120113011201130112011301120113046204630000000000000000000002900000000000000000000004620463000000910182012001120113009100910091009100910091009100910091009100910091009100910091009100000000000000000000000000000000000000000000000000000000000000000000000000910091
0121012001210120012101200121012001210120012101200121012001210120012101200121012001210120012101200121012001210120012101200121012001210120012101200121012001210120012101200121045404550055000000000000000002980000000000000000005501960455000000910091009101200121009100910091009100910091009100910091009100910091009100910091009100000000000000000000000000000000000000000000000000000000000000000000000000910091
0112011301120113011201130112011301120113011201130112011301120113011201130112011301120113011201130112011301120113011201130112011301120113011201130112011301120113010201120113045404550063000000000000000000690000000000000000006302040455000000000000000000000000000000000192000001980000019200000000000000000309031003110000009100000000000000000000000000000000000000000000000000000000000000000000000000910091
0120012101200121012001210120012101200121012001210120012101200121012001210120012101200121012001210120012101200121012001210120012101200121012001210120012101200121010201200121046204630000019900000000000000680000000000000000034304620463000000000000000000710000000000000200000002060000020000000000025900000317031803190000009104380439000000000000000004380439000000000000000000000000000000000000043804390091
0112011301120113011201130112011301120113011201130112011301120113011201130112011301120113011201130112011301120113010201120113011201130112011301120113011201130112011301120113047004710091026100000000000000000000000000000261035104700471000000000000000000000000000000000000000000000000000000000000026700840000000000000000009104460447000000000000000004460447000000000000000000000000000000000000044604470091
0120012101200121012001210120012101200121012001210120012101200121012001210120012101200121012001210120012101200121010201200121012001210120012101200121012001210120012101200121009100910091026900000000000000000000000000000269000000000000000000000000000000000000000000000000000000000000000000000000025900000000000000000000009104540455000000000000000004540455000000000000000000000000000000000000045404550091
0102011201130112011301120113011201130112011301120113011201130112011301120113011201130112011301120113011201130112011301120113011201130112011301120113011201130112011301120113009100910091000000000000000000000000000000000000000000000000000000000000000000000000000000000000000000000000000000000000026700000000000000000000009104620463000000000000000004620463000000000000000000000000000000000000046204630091
0102012001210120012101200121012001210120012101200121012001210120012101200121012001210120012101200121012001210120012101200121012001210120012101200121012001210120012101200121009100910091000000000000000000000000000000000000000000000000000000000000000000000000000000000000000000000000000000000000027502750000000000000074009104700471009100910371009104700471009100910091009100910091010000000100047004710091
0113011201130112011301120113011201130112011301120113011201130112011301120113011201130112011301120113011201130112011301120113000000000000000000000000000000000000000000000000000000000000000000000000000000000000000000000000000000000000000000000000000000000000000000000000000000000000000000000000000000000000000000000000009100910091009100910091009100910091009100910091009100910091009100910091009100910178
0121012001210120012101200121012001210120012101200121012001210120012101200121012001210120012101200121012001210120012101200121000000000000000000000000000000000000000000000000000000000000000000000000000000000000000000000000000000000000000000000000000000000000000000000000000000000000000000000000000000000000000000000000000000000192000000000000000000000192000000910091009100910000000000000000019200000000
0113011201130000000000000000000000000000000000000000000000000000000000000000000000000000000000000000000000000000000000000100000000000000000000000000000000000000000000000000000000930000000000000000000000000000000000000000000000000000000000000000000000000000000000000000000000000000000000000000000000000000000000000000000000000200000000000000000000000200000000000000000000000000000000000000020000000000
0121012001210078007800780078000000000000000000000000000000000000000000000000000000000000000000000000000000000000000000000000000000000000000000000000000000000000000000000000000000930000000000000000000000000000000000000000000000000000000000000000000000000000000000000000000000000000000000000000000000000000000000000000000000000000000000000000000000000000000000910091009100910000000000000000000000000000
0113011201130000000000000000000002080209021000000000000000000000000000000000020802090210000000000000000000000000000000000000000000000000000000000000000000000000000000360000003600930036000700360000000000000000000000000000000000000000000000000000000000000000000000000000000000000000000000000000000000000000000000000000018201820408040904090409041001820182000000000000000000000000000000000000000000000000
0121012001210000000000000000000002160217021800000000000000000000000000000000021602170218000000000000000000000000000000000000000000000000000000000000000000000000000000370068003701010037006800370000000001810000000002110000000000000000000000000000000000000000000000000000000000000000000000000000000000000000000000000000018201820416041704170417041801820182000000000000000000000000000000000000000000000000
0113011201130000000000000000000002240225022600000000000000000000000000000000022402250226000000000000000000000000000000000000000000000000000000000000000000000000000001190119007700770080011600000000000000000000000002190000000000000000000000000000021100000000000000000000000000000000000000000000000000000000000000000000018204080424042504420425042604100182000000000000000000000000000000000000000000000000
0121012001210000000000000000000000000000000000000000020802090210000000000000000000000000000000000000000000000000000000000000000000000000000000000000000000000000000000860110000000000000011600000000000000000000000002270000000000000000000000000000021900000000000000000000000000000000000000000000000000000000000000000000009304160000005100510051000004180093000000000000000000000000000000000000000000000000
0113011201130000000000000000000000000000000000000000021602170218000000000000000000000000000000000000000000000000000000000000000000000000000000000000000000000000000000000000000000000000012403840385038803880388038600000000000000770077000000000000022700000000000000000000000000000000000000000000000000000000000000000000010104160000005900590059000004180101000000000000000000000000000000000000000000000000
0121012001210000000000000000000000000000000000000000022402250226000000000000000000000000000000000000000000000000000000000000000000000000000000000000000000000000000000000000000001260000000003920393039604010401040200000000000000770077000000000000000000000000000000000000000000000000000000000000000000000000000000000000011704240425042504250425042504260077000000000000000000000000000000000000000000000000
0113011201130000000000000000000000000000000000000000000000000000000000000000000000000000000000000208020902100208020902100000000000000000000000000000000000000000000000000000000000000000000004000434040200000009005100000000000000000000000000000064000000000000000000000000000000000000000000000000000000000000000000000000000000000048000000000000004800000077000000000000000000000000000000000000000000000000
0121012001210000000000000000000000000000000000000000000000000000000000000000000000000000000000000216021702180216021702180000000000000000000000000000000000000000000000000000000000000000000000000034000000000068005900000000000000000000000000000000000000000000000000000000000000000000000000000000000000000000000000000000009900930057000000680000005700930099000000000000000000000000000000000000000000000000
0113011201130000000000000000000000000000000000000000000000000000000000000000000000000000000000000224022502260224022502260000007400000000000000000000000000000000000000000000000000000000000000000068000000000000000000000355000000000000000000000048000000020000000000000102000000000000000000000000000000000000000000000000000001010000000000760000000001010090000000000000000000000000000000000000000000000000
0121012001210000000000000000000000000000000000000000000000000000000000000000000000000000000000000000000000000000000000000000000000000000000000000000000000000000000000000000000000000000000000000107010700000000000000000363000000000000000000000056000000000068000000000102010200000000000000000000000000000000000000000000000000000000000000760000000000000000000000000000000000000000000000000000000000000000
0113011201130000000000000000000000000000000000000000000000000000000000000000000000000000000000000000000000000000000000000000000000000000000000000000000000000000000000000077007700000000000000000000021100000000000000000000000000000000000000000000000001070107000000000000000000000000000000000000000000000000000000000000000000000000000000000000000000000000000000000000000000000000000000000000000000000000
0121012001210000000000000000000000000000000000000000000000000000000000000000000000000000000000000000000000000000000000000000000000000000000000000000000000000000000000000077007700000000000000750000021900000408007204090409041000000000000000000000000000000000000000000000000000000000000000000000000000000000000000000000000000000000000000000000000000000000000000000000000000000000000000000000000000000000
0113010201020000000000000000000000000000000000000000000000000000000000000000000000000000000000000000000000000000000000000000000000000000000000000000000000000000000000000000000000000000000000000000022700000416041704170417041800000000000000000000000000000000000000000000000000000000000000000000000000000000000000000000000000000000000000000000000000000000000000000000000000000000000000000000000000000000
0121000000000000000000000000000001060106010600000000000000000086000000000000000000000000000000000000000000000086000000000000000000000000000000000000000000000000000001810000000000000000000000000000000000000424042504270417041800000000011601160045000000000003000000450000000000000000000000000000000000000000000000000000000000000000000000000000000000000000000000000000000000000000000000000000000000000000
0113010901100110011101060104000001060106010600000000000000000086000000000000000000000000000000000000000000000086000000000000000000890089008900000000000000000000000000000000021100000000000000000000000000000048004804160417041800000000012401240000000000000068000000000000000000000000000000000000000000000000000000000000000000000000000000000000000000000000000000000000000000000000000000000000000000000000
0121010901100110011100820000000001060106010600000000000000000086000000000000000000000000000000000000000000000086000000000000000000920098009900000000000000000000000000000000021900000000000001020102000000000049004904240425042600000000000000000119011900770107008001160000000000000000000000000000000000000000000000000000000000000000000000000000000000000000000000000000000000000000000000000000000000000000
0113009300000000000000000000000000930106010600000000000000000086000000000000000000000000000000000000000000000086000000000000000000890098008900000000000000000000000000000000022700000000000000000000000000000000000000000004000000000000000000000086011001070107000001160000000000000000000000000000000000000000000000000000000000000000000000000108010901090109010901090109010801100110011001100110000000000000
0121010100000064000000000000000000930106010600000000000000000086000000000000000000000000000000000000000000000086000000000000000000980099009900000000000004080409040904090409040904090410000000000077007700000000000000000068000000000211000000000000000000000000000001240000000000000000000000000000000000000000000000000000000000000000000000000108009600960108009100910111009100910110009100910108000000000000
0113007700000000000000000000000000930106010600000000000000000086000000000000000000000000000000000000000000000086000000000000000000890092008900000000000004160417042804250425042704170418000000000077007700000000000000000107000000000219000000000000000001260000000000000000000000000000000000000000000000000000000000000000000000000000000000000108010400960108009100910111009600910108009100960108000000000000
0121007700000055005502110007000000930106010600000000000000000086000000000000000000000000000000000000000000000086000000000000000000990089009700000000000004160417041800480048041604170418000000000000000000000000000000000107000000000227000000000000000000000000000000000000000000000000000000000000000000000000000000000000000000000000000000000108009600960108009100910111009600960108009100910108000000000000
0113007700000063006302190068000001010106010600000000000000000086000000000000000000000000000000000000000000000086000000000000000000890097009700000000000004240425042601120113042404250426000000000000021100000000000000000000000000000000000000000000000000000000000000000000000000000000000000000000000000000000000000000000000000000000000000000111010801090109010901090109009100910108009100910108000000000000
0121000000920082009102270076000000000106010600000000000000000086000000000000000000000000000000000000000000000086000000000000000000990098008900000000000000000001000001200121000000030000000000000000021900000000000000000000000000000000000000000000000000000000000000000000000000000000000000000000000000000000000000000000000000000000000000000111009100910108009100910108010801080109010901090109000000000000
0113011201130000000000000000000000000106010600000000000000000086000000000000000000000000000000000000000000000086000000000000000000890098008900000000000000000068000000960096000000680000000000000000022700000000000000000000000000000000000000730000000000000000000000000000000000000000000000000000000000000000000000000000000000000000000000000111009100910108009600910108009100910108009600910109000000000000
0121012001210000009300000000000000930106010600000000000000000086000000000000000000000000000000000000000000000086000000000000000000920089009900000000000001070107010701070107010701070107000000000000000000000000000000000000000000000000000000000000000000000000000000000000000000000000000000000000000000000000000000000000000000000000000000000111009100000110011001100110011101110111011101110111000000000000
0113000000000000009300000000000000930106010600000000000000000086000000000000000000000000000000000000000000000086000000000000000000890099008900000000000000000000000000000000000000000000000000000000000000000000000000000000000000000000000000000000000000000000000000000000000000000000000000000000000000000000000000000090000000000000000000000108010801100110009100910108009100910111009100910108000000000000
0121000001920194010100900000000001010178010600000000000000000086000000000000000000000000000000000000000000000086000000000000000000980089009200000000000000000000000000000000000000000000000000000000000000000000000000000000000000000000000000000000000000000000000000000000000000000000000000000000000000000000000000000096000000000000000000000108009100910108009100910108009100910111009100910108000000000000
0113000000000000000000000000000000000000000000000000000000000086000000000000000000000000000000000000000000000086000000000000000000890099008900000000000000000000000000000000000000000000000000000000000000000359000000000000000003590000000000000000000000000000000000000000000000000000000001720000000000000000000000000096000000000000000000000108009100910108010400910108009100910111009100910108000000000000
0121000000000000000000000000000000000000000000000000000000000086000000000000000000000000000000000000000000000086000000000000000000990000000000000000000000000000000000000000000000000000000000000000000000000367000000000000000003670000000000000000000000000000000000000000000000000000000001800000000000000000000000000096000000000000000000000108009100910108009100910108009100910111009100910109000000000000
0113000000000000000000000000000000000000000000000000000000000086000000000000000000000000000000000000000000000086000000000000000000990000000000000000000000000000000000000000000000000000000000000000000000000000000000000000000000000000000000000000000000000000000000000000000000000000000000000000000000000000000000960096000000000000000000000108010801080109010800910110009100910108009100910109000000000000
0121000000000000000000000000000000000000000000000000000000000086000000000000000000000000000000000000000000000086000000000000000000890000000000000000000000000000000000000000000000000000000000000000000000000000000000000000000000000000000000000000000000000000000000000000000000000000000000000000000000000000000000960090000000000000000000000108009100990109010801100110011001090178010801080109000000000000
0113008500850085008500850085008500850085008500850085008500850077000000000000000000000000000000000000000000000086000000000000000000890000000000000000000000000000000000000000000000000000000000000000000000000000000000000000000000000000000000000171000000000000000000000189000000000000000000000000000000000000000000960090000000000000000000000108009100910109009100990111009100910108009100910109000000000000
0121024700900090009000900090009000900090009000900090009000900095000000000000000000000000000000000000000000000086000000000000000000890000000000000000000000000171000000000000000000000000000000000000000000000000000000000000000000000000000000000000000000000000000000000000000000000000000000000000000000000000000000900090000000000000000000000108009700980108009800910111009700910108009100910108000000000000
0113011201130112011301120113011201130112011301120113011201130112011301120113011201130112011301120113011201130086000000000000000000980000000000000000000000000000000000000000000000000000018900000000000000000000000000000000000000000000000000000000000000000000000000000000000000000000000001890000000000000000000000900090000000000000000000000108009100910110009700970111009100910108009900910108000000000000
0121012001210120012101200121012001210120012101200121012001210120012101200121012001210120012101200121012001210086000000000000000000890000000000000000000000000000000000000000000000000000000000000000000000000000000000000000000000000000000001890000000000000000000000000000000000000000000000000000000000000000000000960090000000000000000000000108010800910110009100910111009100980108010400990108000000000000
0000000000000000000000000000041304150000018100000000000000000000000000000000000000000000000000000000000000000000000000000000000000970000000000000189000000000000000000000000000000000000000000000000000000000000000000000000000000000000000000000000000000000000000000000000000001710000000000000000000000000000000000960090000000000000000000000110011001100110010801110111010800910108009700910108000000000000
0000000001000096000000770077042100720000018100000000000000000000000000000000000000000000000000000000000000000000000000000000000000890000000000000000000000000000018900000000000000000171000000000000000000000000000000000000000000000000000000000000000000000000000000000000000000000000000000000000000000000000000000960090000000000000000000000111009900910110009100910109010801080108010801090108000000000000
0000000000000000000000000000042904310000018100000000000000000000000000000000000000000000000000000000000000000000000000000000000000990000000000000000018900000000000000000000000000000000000000000000000000000000000000000000000000000000000000000000000001890000000000000000000000000000000000000000000000000000000000900096000000000000000000000111009101040110009100910109009100910108009101090108000000000000
0000000000000000000000000000003800380000018100000000000000000000000000000000000000000000000000000000000000000000000000000000000000890000000000000000000000000000000000000000000000000000000000000000000000000000000000000000000000000000000000000000000000000000000000000000000001890000000001890000000000000000000000900090000000000000000000000111009100980108009100910109009100910108009100910108000000000000
0000000000000032006800320000004600460000000000000000000000000000000000000000000000000000000000000000000000000000000000000000000000990000000000000000000000000000000000000000000000000000000000000000000000000000000000000000000000000000000000000000000000000189000000000000000000000000000000000000000000000000000000900090000000000000000000000111009100910108009100970108009100910108009100910111000000000000
0000000000990000007600000111011101080110000000000000000000000000000000000000000000000000000000000000000000000000000000000000000000890000000000000000000000000000000000000000000000000000000000000000000000000000000000000000000000000000000000000000000000000000000000000000000000000000000000000000000000000000000000900090000000000000000000000111009700910108009100910108009700910110009100910111000000000000
0000000000000000009000000082010401080110000000000000000000000000000000000000000000000000000000000000000000000000000000000000000000890211000000000000000001720172017200000000000000000000000000000000000000000000000000000000000000000000000000000000000000000000000000000000000000000000000000000000000000000000000002110090000000000000000000000109009100990110009100910108009100970110009100910111000000000000
0000000000000000000000000000000001080110000000000000000000000000000000000000000000000000000000000000000000000000000000000000000000890219000000000000000001800180018000000000000000000000000000000000000000000000000000000000000000000000000000000000000000000000000000000000000000000000000000000000000000000000000002190090000000000000000000000109009100910110009100980108009100910110009101110111000000000000
0000000000000000000000000000000000000000000001020102010201020102010201020102010201020102010201020102010201020073000000000000000000730227007700770077007700000000000000770077007700770077007700770077007700770077000000000000000000830077007700770077007700770077007700770077007700770077007700770077007700770077007702270090000000000000000000000109009100910110009900910108009101080110010801110111000000000000
0000000000000000000000000000000000000000000000000000000000000000000000000000000000000000000000000000000000000000000000000000000000000000000000000000000000000000000000000000000000000000000000000000000000000000000000000000000000000000000000000000000000000000000000000000000000000000000000000000000000000000000000000000000000000000000000000111011101080110009100910108011001100110009100910108000000000000
0000000000000000000000000000000000000000000000000000000000000000000000000000000000000000000000000000000000000000000000000000000000000000000000000000000000000000000000000000000000000000000000000000000000000000000000000000000000000000000000000000000000000000000000000000000000000000000000000000000000000000000000000000000000000000000000000111009100910110011001080108009100910108009100970108000000000000
0000000000000000000000000000000000000000000000000000000000000000000000000000000000000000000000000000000000000000000000000000000000000000000000000000000000000000000000000000000000000000000000000000000000000000000000000000000000000000000000000000000000000000000000000000000000000000000000000000000000000000000000000000000000000000000000000111009800910108009100910111009100910108009100910108000000000000
0000000000000000000000000000000000000000000000000000000000000000000000000000000000000000000000000000000000000000000000000000000000000000000000000000000000000000000000000000000000000000000000000000000000000000000000000000000000000000000000000000000000000000000000000000000000000000000000000000000000000000000000000000000000000000000000000111009800990108009100910111009100990108009900910108000000000000
0000000000000000000000000000000000000000000000000000000000000000000000000000000000000000000000000000000000000000000000000000000001120113011201130112011301120113011201130112011301120113011201130112011301120113009300000000000000000093011201130112011301120113011201130112011301120113011201130112011301120113011201130093000000000000000000000111009100910108009100980111010400910109009100910108000000000000
0000000000000000000000000000000000000000000000000000000000000000000000000000000000000000000000000000000000000000000000000000000001200121012001210120012101200121012001210120012101200121012001210120012101200121009300000000000000000093012001210120012101200121012001210120012101200121012001210120012101200121012001210093000000000000000000930111009900990108009100990111009100910109009100910108000000000000
0000000000000000000000000000000000000000000000000000000000000000000000000000000000000000000000000000000000000000000000000000000001120113011201130112011301120113011201130112011301120113011201130112011301120113009300000000000000000093011201130112011301120113011201130112011301120113011201130112011301120113011201130093000000000000000000930110011001100110010801080111009100910109010801080108000000000000
0000000000000000000000000000000000000000000000000000000000000000000000000000000000000000000000000000000000000000000000000000000001200121012001210120012101200121012001210120012101200121012001210120012101200121009300000000000000000093012001210120012101200121012001210120012101200121012001210120012101200121012001210101000000000000000001010110009100910108009100910111010801080108009100910108000000000000
0000000002570000000000000000000000000000000000000000000000000000000000000000000000000000000000000000025700000000000000000000000001120113011201130112011301120113011201130112011301120113011201130112011301120113009300000000000000000093011201130112011301120113011201130112011301120113011201130112011301120113011201130093000000000000000000000108009100990108009100970111009100910110009100970108000000000000
0000000002650000000000000000000000000000000000000000000000000000000000000000000000000000000000000000026500000000000000000000000001200121012001210120012101200121012001210120012101200121012001210120012101200121009300000000000000000093012001210120012101200121012001210120012101200121012001210120012101200121012001210101000000000000000000000108009100910108009100910108009100910110009700910108000000000000
0000000002650065000000000000000000000000000000000000000000000000000000000000000000000000000000000065026500000000000000000000000001120113011201130112011301120113011201130112011300000000000000000000000000000000009300000000000000000093009100910091009100910091009100910091009100910091009100910112011300000000000000000093000000000000000000000108009100970108009100910108009100910110009100910109000000000000
0000000000650000000000000000000000000000000000000000000000000000000000000000000000000000000000000000006500000000000000000000000001200121012001210120012101200121012001210120012100000093009300930093009300930093009300000000000000000093009300930093009300930093009300930093009300930093009300930120012100000000000000000101000000000000000000000111011101110111010901090109010901080110011001080109000000000000
0000000000000000000000000000000000000000000000000000000000000000000000000000000000000000000000000000000000000000000000000000000001120113011201130112011301120113011201130112011300000101010101010101010101010101010100000000000000000101010101010101010101010101010101010101010101010101010101010112011300000000000000000093000000000000000000000109009100970108009700910108009700970108009100910109000000000000
0000000000000000000000000000000000000000000000000000000000000000000000000000000000000000000000000000000000000000000000000000000001200121012001210120012101200121012001210120012100000093009300930000000000000000000000000000000000000000000000000000000000000000000000000000000000000000000000930120012100000000000000000101000000000000000000000109009100910108009101040108009700970108009100910111000000000000
0000000000000000000000000000000000000000000000000000000000000000000000000000000000000000000000000000027400000000000000000000000001120113011201130112011301120113011201130000009300930093010101010000000000000000000000000000000000000000000000000000000000000000000000000000000000000000000001010112011300000000000000000093000000000000000000000108009100910108009100910109009700970108009100910111000000000000
0000000000000000000000000000000000000000000000000000000000000000000000000000000000000000000000000000000003410342000000000000000001200121012001210120012101200121012001210000010101010101000000000000000000000000000000000000000000000000000000000000000000000000000000000000000000000000000000930120012100000000000000000101000000000000000000930108010801080087010801080109010901090108011101110111000000000000
0000000000000000000000000000000000000000000000000000000000000000000000000000000000000000000000000000000003490350000000000000000001120113011201130112011301120113011201130093009300930000000000000384038503860000018100000000000000000000000000000000000000000000000000000000000000000000000001010112011300000000000000000093000000000000000001010000000000000000000000000000000000000000000000000000000000000000
0000000000000000000000000000000000000000000000000000000000000000000000000000000000000000000000000000000000210000000000000000000001200121012001210120012101200121012001210101010101010000000000000392039303940000000000000000000000740211000000000000000000000000000000000000000000000000000000930120012100000000000000000101000000000000000000000000000000000000000000000000000000000000000000000000000000000000
0000000000000000000000000000000000000000000000000000000000000000000000000000000000000000000000000000000000210000000000000000000001120113011201130112011301120113011201130093009300000000000000000400043404020181000000000000000000000219000000000000000000000000000000000000000000000000000001010112011300000000000000000093000000000000000001020102010201020102010201020102010201020102010201020102010201020102
0000000000000000000000000000000000000000000000000000000000000000000000000000000000000000000000000000000000210000000000000000000001200121012001210120012101200121012001210101010100000000000000000000003400000000009900000000000000000227018100000000000000000000000000000000000000000000000000930120012100000000000000000101000000000000000000000000000000000000000000000000000000000000000000000000000000000078
0000000000000000000000000000000000000000000000000000000000000000000000000000000000000000000000000000000000210000000000000000000001120113011201130112011301120113011201130093009300000000000000000000006800000000000000000000000000000000000000000000000004080420040904100000000000000000000001010112011300000000000000000093000000000000000001020102010201020102010201020102010201020102010201020102010201020102
0000000000000000000000000000000000000000000000000000000000000000000000000000000000000000000000000000000000210000000000000000000001200121012001210120012101200121012001210101010100000000000000000000010701070000000000000000000000000000000000000000000004160417041704180000000000000000000000930120012100000000000000000101000000000000000000930093009300930093041304140414041404140415009300930093009300930093
0000000000000000000000000000000000000000000000000000000000000000000000000000000000000000000000000000000000210000000000000000000001120113011201130112011301120113011201130000009300930000000000000000000000000000000000000000000000000000000000000000000004240425042504260000000000000000000001010112011300000000000000000093000000000000000001010101010101010101042104220422042204220423010101010101010101010101
0000000000000000000000000000000000000000000000000000000000000000000000000000000000000000000000000000000003410342000000000000000001200121012001210120012101200121012001210000010101010000000000000000000000000000000000000000009100000000000000000000000000000048000000550000000000000000000000930120012100000000000000000101000000000000000000000000000000000178042904300430044404220423009300930093009300930093
0000000000000000000000000000000000000000000000000000000000000000000000000000000000000000000000000000000003490350000000000000000001120113011201130112011301120113011201130000009300930000000000000000000000000000000000770000000000000000021100000000000000000056000000630000000000000000000001010112011300000000000000000000000000000000000000000000000000000000000000550000042904430431009301010101010101010101
0000000000000000000000000000000000000000000000000000000000000000000000000000000000000000000000000000000001120113000000000000000001200121012001210120012101200121012001210000010101010000000000000000000000000000000000000000000000000000021900000000000001070107010701060000000000000000000000930120012100000000000000000000000000000000000000000000000000000000000000630000000000000000009300930093009300930093
0000000000000000000000000000000000000000000000000000000000000000000000000000000000000000000000000000000001200121000000000000000001120113011201130112011301120113011201130112011300930000000000000000000000000032000002540000003200000000022700000000000000000000000001060000000000000000000001010112011300000000000000000000000000000000000000000000000000000000007701060125000000680000010101010101010101010101
0000000000000000000000000000000000000000000000000000000000000000000000000000000000000000000000000000000001120113000000000000000001200121012001210120012101200121012001210120012100930093000000000000000000000000000000000000000000000000000000000000000000000000000000000000000000000000000000930120012100000000000000000000000000000000000000000000000000000082000000000000000000000000000000930093009300930093
0000000000000000000000000000000000000000000000000000000000000000000000000000000000000000000000000000027401200121000000000000000001120113011201130112011301120113011201130112011301010101000000000000000000000000000000000000000000000000000000000000000000000000000000000000000000000000000001010112011301120113000000000000000000000000000000000000000000000000000001950000000000000000000001010101010101010101
0000000000000000000000000000000000000000000000000000000000000000000000000000000000000000000000000000000001120113000000000000000001200121012001210120012101200121012001210120012100000093009300930093009300930093009300930093009300930093009300930093009300930093009300930093009300930093009300930120012101200121000000000000000000000000000000000000000000000000020300000000000000000000019200930093009300930093
0000000000000000000000000000000000000000000000000000000000000000000000000000000000000000000000000000000001200121000000000000000001120113011201130112011301120113011201130098000000000101010101010101010101010101010101010101010101010101010101010101010101010101010101010101010101010101010101010112011301120113000000000000000000000000000000730000000000000098009900970000000000000000020001010101010101010101
0000000002570000000000000000000000000000000000000000000000000000000000000000000000000000000000000000025701120113000000000000000001200121012001210120012101200121012001210112011301120113011201130098000000000098000000000098000000000098000000000098000000000098000000000098000000000098000000000120012101200121000000000000000000000000000000000000000000000000000000000000000000000000000000930093009300930093
0000000002650000000000000000000000000000000000000000000000000000000000000000000000000000000000000000026501200121000000000000000001120113011201130112011301120113011201130120012101200121012001210091000001120113000000980112011300980091011201130091000001120113000001120113000000980112011300980112011301120113000000000000000000000000000000000000000000000000000000000000000000000000000001010101010101010101
0000000002650065000000000000000000000000000000000000000000000000000000000000000000000000000000000065026501120113025900000000025901200121012001210120012101200121012001210112011301120113011201130000009101200121009100000120012100000000012001210000009101200121009101200121009100000120012100000120012101200121000000000000000000000000000000000000000000000000000000000000000000000000000000930093009300930093
0000000000000000000000000000000000000000000000000000000000000000000000000000000000000000000000000000000001200121026702830283026701120113011201130112011301120113011201130120012101200121012001210000000000000000000000000112011300000000000000000000000000000000000000000000011201130000011201130112011301120113000000000000000000000000000000000000000000000000000000000000000000000000000001010101010101010101
0000000000000000000000000000000000000000000000000000000000000000000000000000000000000000000000000000000001120113000002740285000001200121012001210120012101200121012001210112011301120113011201130112011300000098000000000120012100000098000000000098000001120113000000000098012001210098012001210120012101200121000000000000000000000000000000000000000000000000000000000000000000000000000000000000000000000000
0000000000000000000000000000000000000000000000000000000000000000000000000000000000000000000000000000000001200121025903710275025901120113011201130112011301120113011201130120012101200121012001210120012100980091000000980091000001120113000000980091000001200121000000980091011201130091000000980112011301120113011201130112011301120113011201130112011301120113011201130112011301120113011201130112011301120113
0000000000000000000000000000000000000000000000000000000000000000000000000000000000000000000000000000000001120113026702740371026701200121012001210120012101200121012001210112011301120113011201130000009100000000009100000000009101200121009100000000009100000000009100000000012001210000009100000120012101200121012001210120012101200121012001210120012101200121012001210120012101200121012001210120012101200121
0000000000000000000000000000000000000000000000000000000000000000000000000000000000000000000000000000000001200121000002750371000001120113011201130112011301120113011201130120012101200121012001210000000000000112011300000000000000000000000000000000011201130000000000000000000000000000000000000112011301120113011201130112011301120113011201130112011301120113011201130112011301120113011201130112011301120113
0000000000000000000000000000000000000000000000000000000000000000000000000000000000000000000000000000000001120113025903710285025901120113011201130120012101200121012001210112011301120113011201130098000000000120012100000112011300000098011201130098012001210098000001120113000000000098000000000120012101200121012001210120012101200121012001210120012101200121012001210120012101200121012001210120012101200121
0000000000000000000000000000000000000000000000000000000000000000000000000000000000000000000000000000000001200121026702750275026701200121012001210112011301120113011201130120012101200121012001210091000000980091000000980120012100980091012001210091000000980091000001200121000000980091000000980112011301120113011201130112011301120113011201130112011301120113011201130112011301120113011201130112011301120113